4243767290,0
4294967278,213
4294967278,327
4294967279,521
4294967278,361
4294967278,325
4294967279,518
4294967278,205
4294967278,360
4294967279,545
4294967279,544
4294967278,320
4294967279,516
4294967279,543
4294967278,359
4294967278,358
4294967278,356
4294967278,354
4294967278,36
4294967278,35
4294967278,34
4294967278,32
4294967278,31
4294967278,30
4294967278,29
4294967278,25
4294967278,24
4294967278,22
4294967278,20
4294967278,19
4294967278,18
4294967278,17
4294967278,16
4294967278,15
4294967278,14
4294967278,13
4294967278,12
4294967278,11
4294967278,10
4294967278,9
4294967278,8
4294967278,7
4294967278,6
4294967278,5
4294967278,4
4294967279,132
4294967279,259
4294967279,131
4294967279,130
4294967279,25
4294967279,23
4294967279,22
4294967279,18
4294967279,15
4294967279,13
4243767290,3
4243767290,2
4294967294,14
4294967294,20
4294967294,13
4294967278,194
86,4
86,3
86,2
86,1
4294967294,1454
4294967294,1453
4294967278,317
4294967294,1080
4294967278,316
4294967278,314
4294967279,315
4294967294,385
4294967294,407
4294967294,384
4294967294,111
4294967294,112
4294967294,175
4294967279,313
4294967279,177
4294967278,305
4294967279,308
4294967294,115
4294967294,1452
4294967278,301
4294967279,304
4294967278,157
4294967278,154
82,4
4294967278,155
82,3
82,2
82,1
4294967278,351
4294967278,293
4294967278,149
4294967278,33
4294967278,349
4294967278,143
4294967278,28
4294967278,142
4294967278,141
4294967278,288
4294967294,1451
4294967278,27
4294967278,347
4294967279,531
4294967278,137
4294967278,276
4294967278,26
4294967278,348
4294967279,138
4294967278,23
4294967278,345
4294967278,21
4294967278,282
4294967279,21
4294967279,275
4294967278,273
4294967279,272
4294967278,271
4294967279,271
4294967279,290
4294967279,266
4294967279,289
4294967278,277
4294967279,284
4294967279,283
4294967279,282
4294967278,340
4294967278,339
4294967278,336
4294967278,390
4294967279,255
4294967278,246
4294967278,248
4294967278,247
4294967278,329
4294967278,238
4294967279,234
4294967278,231
4294967278,226
4294967278,229
4294967279,229
4294967278,224
4294967279,224
4294967278,222
4294967279,222
4294967294,392
4294967294,388
4294967279,16
4294967279,14
4294967278,218
4294967294,1450
4294967278,214
4294967279,326
4294967278,328
4294967279,325
4294967278,389
4294967279,210
4294967279,324
4294967278,200
4294967279,201
4294967278,199
4294967279,200
4294967278,319
4294967278,256
4294967278,337
4294967278,251
4294967278,243
4294967278,241
4294967278,330
4294967278,237
4294967278,221
4294967278,217
4294967278,326
4294967278,324
4294967278,323
4294967278,322
4294967278,321
4294967278,318
4294967279,525
4294967279,523
4294967279,522
4294967279,520
4294967279,517
4294967279,513
4294967279,512
4294967279,318
4294967279,314
4294967279,323
4294967279,195
4294967278,193
4294967279,194
4294967279,133
4294967279,193
4294967278,191
4294967279,136
4294967279,319
4294967278,315
4294967294,964
4294967294,1042
4294967294,966
4294967294,387
4294967294,386
4294967294,176
4294967294,190
4294967279,322
4294967294,403
4294967294,460
4294967294,400
4294967278,313
4294967278,182
4294967294,1035
4294967278,310
4294967294,42
4294967294,43
4294967279,312
4294967279,176
4294967278,173
4294967279,175
4294967279,172
4294967278,172
4294967279,173
4294967279,309
4294967278,170
4294967294,425
4294967294,44
4294967294,45
4294967278,168
4294967279,321
4294967294,76
4294967294,51
4294967278,167
4294967278,165
4294967279,166
4294967294,1449
4294967294,53
4294967279,305
4294967294,99
4294967279,306
4294967278,300
4294967294,82
4294967294,92
4294967294,90
4294967294,87
4294967294,86
4294967294,84
4294967294,1086
4294967278,298
4294967279,159
4294967279,158
67,4
4294967278,156
67,3
67,2
67,1
4294967279,156
4294967279,155
4294967278,295
4294967279,301
4294967294,1448
4294967279,320
4294967278,294
4294967279,299
4294967278,291
4294967279,148
4294967278,147
4294967279,146
4294967278,290
4294967279,294
4294967294,1447
4294967294,89
64,4
4294967279,292
64,3
64,2
64,1
4294967294,1446
4294967278,388
4294967294,107
4294967278,285
4294967278,266
4294967294,162
4294967278,283
4294967294,1054
4294967279,265
4294967279,281
4294967279,575
4294967294,393
4294967279,254
4294967279,248
4294967294,1445
4294967294,1049
4294967294,963
4294967294,185
4294967294,182
4294967294,163
4294967294,968
4294967294,126
4294967294,127
4294967294,18
4294967279,240
4294967279,232
4294967294,395
4294967294,399
4294967294,421
4294967294,1082
4294967294,178
4294967294,183
4294967294,167
4294967294,420
4294967294,418
4294967294,465
4294967279,216
4294967279,215
4294967294,437
4294967278,387
4294967278,208
4294967279,209
4294967279,208
4294967294,46
4294967294,120
4294967294,469
4294967279,207
4294967294,1444
4294967294,470
4294967279,574
4294967294,31
4294967294,61
4294967294,967
4294967294,422
4294967294,1052
4294967294,1051
4294967294,1048
4294967294,1046
4294967294,1045
4294967294,1044
4294967294,965
4294967294,1041
4294967294,1040
4294967294,1033
4294967294,1038
4294967294,1036
4294967294,1034
4294967294,1039
4294967294,1024
4294967294,962
4294967294,960
4294967294,961
4294967294,401
4294967294,161
4294967294,173
4294967294,170
4294967294,81
4294967294,11
4294967279,199
4294967279,573
4294967279,0
4294967279,191
4294967279,190
4294967279,189
4294967294,186
4294967294,389
4294967294,1084
4294967294,17
4294967294,41
4294967294,7
4294967279,184
4294967294,94
4294967294,93
4294967294,96
4294967294,95
4294967279,183
4294967294,9
4294967294,8
0,7
4294967294,429
4294967294,1
4294967294,441
4294967294,1047
4294967294,2
4294967294,0
